eye 3 3 -3
viewdir  -1 -1 1
updir 0.0 1.0 0.0
vfov  90
imsize 600 500

bkgcolor 0.6 0.6 0.6
light 2 2 -2 1 1 1 1
mtlcolor 0.0 1.0 0.0 1.0 0.0 0.0 0.1 0.9 0.0 10

v 0.000000 -0.000000 -1.000000
v 0.195090 -0.000000 -0.980785
v 0.382683 -0.000000 -0.923880
v 0.555570 -0.000000 -0.831470
v 0.707107 -0.000000 -0.707107
v 0.831470 -0.000000 -0.555570
v 0.923880 -0.000000 -0.382683
v 0.980785 -0.000000 -0.195090
v 1.000000 -0.000000 -0.000000
v 0.980785 0.000000 0.195090
v 0.923880 0.000000 0.382683
v 0.831470 0.000000 0.555570
v 0.707107 0.000000 0.707107
v 0.555570 0.000000 0.831470
v 0.382683 0.000000 0.923880
v 0.195090 0.000000 0.980785
v -0.000000 0.000000 1.000000
v -0.195091 0.000000 0.980785
v -0.382684 0.000000 0.923879
v -0.555571 0.000000 0.831469
v -0.707107 0.000000 0.707106
v -0.831470 0.000000 0.555570
v -0.923880 0.000000 0.382683
v -0.980785 0.000000 0.195089
v -1.000000 -0.000000 -0.000001
v -0.980785 -0.000000 -0.195091
v -0.923879 -0.000000 -0.382684
v -0.831469 -0.000000 -0.555571
v -0.707106 -0.000000 -0.707108
v -0.555569 -0.000000 -0.831470
v -0.382682 -0.000000 -0.923880
v -0.195089 -0.000000 -0.980786
v 0.000002 2.000000 -1.000000
v 0.195092 2.000000 -0.980785
v 0.382685 2.000000 -0.923879
v 0.555572 2.000000 -0.831469
v 0.707108 2.000000 -0.707105
v 0.831471 2.000000 -0.555569
v 0.923880 2.000000 -0.382682
v 0.980786 2.000000 -0.195088
v 1.000000 2.000000 0.000002
v 0.980785 2.000000 0.195092
v 0.923879 2.000000 0.382685
v 0.831469 2.000000 0.555571
v 0.707106 2.000000 0.707107
v 0.555570 2.000000 0.831470
v 0.382684 2.000000 0.923879
v 0.195091 2.000000 0.980785
v 0.000001 2.000000 1.000000
v -0.195089 2.000000 0.980785
v -0.382682 2.000000 0.923880
v -0.555568 2.000000 0.831471
v -0.707105 2.000000 0.707108
v -0.831468 2.000000 0.555573
v -0.923878 2.000000 0.382686
v -0.980785 2.000000 0.195094
v -1.000000 2.000000 0.000004
v -0.980786 2.000000 -0.195086
v -0.923881 2.000000 -0.382679
v -0.831473 2.000000 -0.555566
v -0.707111 2.000000 -0.707103
v -0.555575 2.000000 -0.831466
v -0.382689 2.000000 -0.923877
v -0.195097 2.000000 -0.980784


f 1 33 34
f 1 34 2
f 2 34 35
f 2 35 3
f 3 35 36
f 3 36 4
f 4 36 37
f 4 37 5
f 5 37 38
f 5 38 6
f 6 38 39
f 6 39 7
f 7 39 40
f 7 40 8
f 8 40 41
f 8 41 9
f 9 41 42
f 9 42 10
f 10 42 43
f 10 43 11
f 11 43 44
f 11 44 12
f 12 44 45
f 12 45 13
f 13 45 46
f 13 46 14
f 14 46 47
f 14 47 15
f 15 47 48
f 15 48 16
f 16 48 49
f 16 49 17
f 17 49 50
f 17 50 18
f 18 50 51
f 18 51 19
f 19 51 52
f 19 52 20
f 20 52 53
f 20 53 21
f 21 53 54
f 21 54 22
f 22 54 55
f 22 55 23
f 23 55 56
f 23 56 24
f 24 56 57
f 24 57 25
f 25 57 58
f 25 58 26
f 26 58 59
f 26 59 27
f 27 59 60
f 27 60 28
f 28 60 61
f 28 61 29
f 29 61 62
f 29 62 30
f 30 62 63
f 30 63 31
f 31 63 64
f 31 64 32
f 33 1 32
f 33 32 64
